PLOTS SHEET
UMAP
    100
        0.5
        0.65
        0.8
    200
        0.5
            x
        0.65
            x
        0.8
            x
    350
        0.5
        0.65
        0.8
    500
        0.5
            x
        0.65
            x
        0.8
            x
TSNE
    100
        0.5
        0.65
        0.8
    200
        0.5
            x
        0.65
            x
        0.8
            x
    350
        0.5
        0.65
        0.8
    500
        0.5
            x
        0.65
            x
        0.8
            x
PCA
    100
        0.5
            x
        0.65
            x
        0.8
            x
    200
        0.5
            x
        0.65
            x
        0.8
            x
    350
        0.5
            x
        0.65
            x
        0.8
            x
    500
        0.5
            x
        0.65
            x
        0.8
            x

grouped

    FV
        UMAP
            100
                0.5
                0.65
                0.8
            200
                0.5
                0.65
                0.8
            350
                0.5
                0.65
                0.8
            500
                0.5
                0.65
                0.8
        TSNE
            100
                0.5
                0.65
                0.8
            200
                0.5
                0.65
                0.8
            350
                0.5
                0.65
                0.8
            500
                0.5
                0.65
                0.8
        PCA
            100
                0.5
                0.65
                0.8
            200
                0.5
                0.65
                0.8
            350
                0.5
                0.65
                0.8
            500
                0.5
                0.65
                0.8
    PD
        UMAP
            100
                0.5
                0.65
                0.8
            200
                0.5
                0.65
                0.8
            350
                0.5
                0.65
                0.8
            500
                0.5
                0.65
                0.8
        TSNE
            100
                0.5
                0.65
                0.8
            200
                0.5
                0.65
                0.8
            350
                0.5
                0.65
                0.8
            500
                0.5
                0.65
                0.8
        PCA
            100
                0.5
                0.65
                0.8
            200
                0.5
                0.65
                0.8
            350
                0.5
                0.65
                0.8
            500
                0.5
                0.65
                0.8
    RCI
        UMAP
            100
                0.5
                0.65
                0.8
            200
                0.5
                0.65
                0.8
            350
                0.5
                0.65
                0.8
            500
                0.5
                0.65
                0.8
        TSNE
            100
                0.5
                0.65
                0.8
            200
                0.5
                0.65
                0.8
            350
                0.5
                0.65
                0.8
            500
                0.5
                0.65
                0.8
        PCA
            100
                0.5
                0.65
                0.8
            200
                0.5
                0.65
                0.8
            350
                0.5
                0.65
                0.8
            500
                0.5
                0.65
                0.8
    CD
        UMAP
            100
                0.5

                0.65
                0.8
            200
                0.5
                0.65
                0.8
            350
                0.5
                0.65
                0.8
            500
                0.5
                0.65
                0.8
        TSNE
            100
                0.5
                0.65
                0.8
            200
                0.5
                0.65
                0.8
            350
                0.5
                0.65
                0.8
            500
                0.5
                0.65
                0.8
        PCA
            100
                0.5
                0.65
                0.8
            200
                0.5
                0.65
                0.8
            350
                0.5
                0.65
                0.8
            500
                0.5
                0.65
                0.8
    CCR
        UMAP
            100
                0.5
                0.65
                0.8
            200
                0.5
                0.65
                0.8
            350
                0.5
                0.65
                0.8
            500
                0.5
                0.65
                0.8
        TSNE
            100
                0.5
                0.65
                0.8
            200
                0.5
                0.65
                0.8
            350
                0.5
                0.65
                0.8
            500
                0.5
                0.65
                0.8
        PCA
            100
                0.5
                0.65
                0.8
            200
                0.5
                0.65
                0.8
            350
                0.5
                0.65
                0.8
            500
                0.5
                0.65
                0.8
    DC
        UMAP
            100
                0.5
                0.65
                0.8
            200
                0.5
                0.65
                0.8
            350
                0.5
                0.65
                0.8
            500
                0.5
                0.65
                0.8
        TSNE
            100
                0.5
                0.65
                0.8
            200
                0.5
                0.65
                0.8
            350
                0.5
                0.65
                0.8
            500
                0.5
                0.65
                0.8
        PCA
            100
                0.5
                0.65
                0.8
            200
                0.5
                0.65
                0.8
            350
                0.5
                0.65
                0.8
            500
                0.5
                0.65
                0.8
    CC
        UMAP
            100
                0.5
                0.65
                0.8
            200
                0.5
                0.65
                0.8
            350
                0.5
                0.65
                0.8
            500
                0.5
                0.65
                0.8
        TSNE
            100
                0.5
                0.65
                0.8
            200
                0.5
                0.65
                0.8
            350
                0.5
                0.65
                0.8
            500
                0.5
                0.65
                0.8
        PCA
            100
                0.5
                0.65
                0.8
            200
                0.5
                0.65
                0.8
            350
                0.5
                0.65
                0.8
            500
                0.5
                0.65
                0.8